0.00e+00 3.14e+00
0.00e+00 3.37e-01
1.00e+00 0.00e+00
1.00e+00 0.00e+00
1.00e+00 0.00e+00
1.00e+00 0.00e+00
1.00e+00 0.00e+00
1.00e+00 0.00e+00
1.41e-01 0.00e+00
0.00e+00 1.03e+00
9.05e-01 0.00e+00
0.00e+00 1.74e+00
1.00e+00 0.00e+00
1.00e+00 0.00e+00
1.00e+00 0.00e+00
1.00e+00 0.00e+00
1.00e+00 0.00e+00
1.00e+00 0.00e+00
1.00e+00 0.00e+00
3.09e-01 0.00e+00
0.00e+00 3.23e-01
1.00e+00 0.00e+00
1.00e+00 0.00e+00
3.32e-01 0.00e+00
0.00e+00 1.33e+00
1.00e+00 0.00e+00
1.00e+00 0.00e+00
1.00e+00 0.00e+00
1.00e+00 0.00e+00
3.15e-01 0.00e+00
0.00e+00 1.50e+00
1.00e+00 0.00e+00
1.00e+00 0.00e+00
1.00e+00 0.00e+00
1.00e+00 0.00e+00
1.00e+00 0.00e+00
1.00e+00 0.00e+00
1.00e+00 0.00e+00
9.78e-01 0.00e+00
0.00e+00 5.91e-01
1.00e+00 0.00e+00
2.48e-01 0.00e+00
0.00e+00 2.74e+00
1.00e+00 0.00e+00
7.38e-01 0.00e+00
0.00e+00 2.22e+00
1.00e+00 0.00e+00
1.00e+00 0.00e+00
1.00e+00 0.00e+00
1.00e+00 0.00e+00
1.00e+00 0.00e+00
1.00e+00 0.00e+00
1.43e-03 0.00e+00
