0.00e+00 2.99e+00
1.00e+00 0.00e+00
1.00e+00 0.00e+00
1.00e+00 0.00e+00
1.00e+00 0.00e+00
1.00e+00 0.00e+00
1.00e+00 0.00e+00
1.00e+00 0.00e+00
1.00e+00 0.00e+00
1.00e+00 0.00e+00
1.00e+00 0.00e+00
1.00e+00 0.00e+00
1.00e+00 0.00e+00
1.00e+00 0.00e+00
1.00e+00 0.00e+00
1.00e+00 0.00e+00
2.45e-01 0.00e+00
0.00e+00 -9.54e-01
6.96e-01 0.00e+00
0.00e+00 -2.32e+00
1.00e+00 0.00e+00
1.00e+00 0.00e+00
1.00e+00 0.00e+00
1.00e+00 0.00e+00
1.00e+00 0.00e+00
1.00e+00 0.00e+00
1.00e+00 0.00e+00
1.00e+00 0.00e+00
1.00e+00 0.00e+00
1.00e+00 0.00e+00
1.00e+00 0.00e+00
1.00e+00 0.00e+00
5.70e-01 0.00e+00
