0.00e+00 3.14e+00
0.00e+00 7.83e-01
1.00e+00 0.00e+00
1.00e+00 0.00e+00
1.00e+00 0.00e+00
1.00e+00 0.00e+00
1.00e+00 0.00e+00
1.00e+00 0.00e+00
1.00e+00 0.00e+00
3.77e-01 0.00e+00
0.00e+00 1.35e+00
1.00e+00 0.00e+00
6.66e-16 0.00e+00
0.00e+00 1.60e-01
1.00e+00 0.00e+00
1.00e+00 0.00e+00
1.00e+00 0.00e+00
1.00e+00 0.00e+00
1.00e+00 0.00e+00
1.00e+00 0.00e+00
1.00e+00 0.00e+00
1.00e+00 0.00e+00
1.00e+00 0.00e+00
1.00e+00 0.00e+00
1.00e+00 0.00e+00
1.00e+00 0.00e+00
1.00e+00 0.00e+00
1.00e+00 0.00e+00
1.00e+00 0.00e+00
1.00e+00 0.00e+00
4.02e-01 0.00e+00
0.00e+00 -1.83e-01
1.00e+00 0.00e+00
4.22e-15 0.00e+00
0.00e+00 -9.35e-01
1.00e+00 0.00e+00
1.00e+00 0.00e+00
1.00e+00 0.00e+00
1.00e+00 0.00e+00
1.00e+00 0.00e+00
1.00e+00 0.00e+00
1.00e+00 0.00e+00
1.00e+00 0.00e+00
1.00e+00 0.00e+00
8.91e-01 0.00e+00
0.00e+00 1.93e+00
1.00e+00 0.00e+00
1.00e+00 0.00e+00
1.00e+00 0.00e+00
1.00e+00 0.00e+00
1.00e+00 0.00e+00
1.00e+00 0.00e+00
1.00e+00 0.00e+00
1.00e+00 0.00e+00
1.00e+00 0.00e+00
1.00e+00 0.00e+00
4.69e-01 0.00e+00
0.00e+00 5.76e-01
1.00e+00 0.00e+00
1.00e+00 0.00e+00
1.00e+00 0.00e+00
1.00e+00 0.00e+00
1.00e+00 0.00e+00
1.00e+00 0.00e+00
1.00e+00 0.00e+00
1.00e+00 0.00e+00
1.00e+00 0.00e+00
1.00e+00 0.00e+00
1.00e+00 0.00e+00
1.00e+00 0.00e+00
1.00e+00 0.00e+00
6.75e-02 0.00e+00
0.00e+00 1.58e+00
1.00e+00 0.00e+00
1.00e+00 0.00e+00
1.00e+00 0.00e+00
1.00e+00 0.00e+00
1.00e+00 0.00e+00
1.00e+00 0.00e+00
1.00e+00 0.00e+00
1.00e+00 0.00e+00
1.00e+00 0.00e+00
1.00e+00 0.00e+00
1.00e+00 0.00e+00
1.00e+00 0.00e+00
1.00e+00 0.00e+00
1.00e+00 0.00e+00
1.00e+00 0.00e+00
1.00e+00 0.00e+00
1.00e+00 0.00e+00
1.00e+00 0.00e+00
1.00e+00 0.00e+00
1.00e+00 0.00e+00
1.00e+00 0.00e+00
1.00e+00 0.00e+00
1.00e+00 0.00e+00
1.00e+00 0.00e+00
4.84e-01 0.00e+00
