0.00e+00 3.14e+00
0.00e+00 2.45e+00
1.00e+00 0.00e+00
1.00e+00 0.00e+00
1.00e+00 0.00e+00
3.58e-01 0.00e+00
0.00e+00 -1.31e+00
9.33e-01 0.00e+00
0.00e+00 -9.73e-01
1.00e+00 0.00e+00
1.00e+00 0.00e+00
1.00e+00 0.00e+00
1.00e+00 0.00e+00
2.21e-01 0.00e+00
0.00e+00 -5.58e-01
1.00e+00 0.00e+00
1.00e+00 0.00e+00
7.35e-01 0.00e+00
0.00e+00 -2.81e+00
1.00e+00 0.00e+00
1.00e+00 0.00e+00
1.00e+00 0.00e+00
1.00e+00 0.00e+00
1.51e-01 0.00e+00
0.00e+00 -3.01e+00
1.00e+00 0.00e+00
9.54e-01 0.00e+00
0.00e+00 -2.69e+00
1.00e+00 0.00e+00
1.00e+00 0.00e+00
8.32e-01 0.00e+00
