0.00e+00 3.14e+00
0.00e+00 2.41e+00
1.00e+00 0.00e+00
1.00e+00 0.00e+00
1.00e+00 0.00e+00
1.00e+00 0.00e+00
8.73e-02 0.00e+00
0.00e+00 -2.45e+00
1.00e+00 0.00e+00
1.00e+00 0.00e+00
1.00e+00 0.00e+00
1.00e+00 0.00e+00
1.00e+00 0.00e+00
1.00e+00 0.00e+00
1.00e+00 0.00e+00
1.49e-01 0.00e+00
0.00e+00 -2.97e+00
1.00e+00 0.00e+00
1.00e+00 0.00e+00
1.00e+00 0.00e+00
1.00e+00 0.00e+00
1.69e-02 0.00e+00
0.00e+00 -2.05e+00
1.00e+00 0.00e+00
6.50e-01 0.00e+00
0.00e+00 -3.14e+00
0.00e+00 -3.61e-01
1.00e+00 0.00e+00
1.00e+00 0.00e+00
1.00e+00 0.00e+00
6.32e-01 0.00e+00
