0.00e+00 3.14e+00
0.00e+00 3.93e-01
1.00e+00 0.00e+00
1.00e+00 0.00e+00
1.00e+00 0.00e+00
1.00e+00 0.00e+00
1.00e+00 0.00e+00
1.00e+00 0.00e+00
1.00e+00 0.00e+00
1.41e-04 0.00e+00
0.00e+00 2.76e+00
1.00e+00 0.00e+00
1.00e+00 0.00e+00
1.00e+00 0.00e+00
1.00e+00 0.00e+00
1.00e+00 0.00e+00
1.00e+00 0.00e+00
1.00e+00 0.00e+00
1.00e+00 0.00e+00
1.00e+00 0.00e+00
6.24e-01 0.00e+00
0.00e+00 1.78e+00
1.00e+00 0.00e+00
1.00e+00 0.00e+00
1.00e+00 0.00e+00
1.00e+00 0.00e+00
1.00e+00 0.00e+00
9.74e-02 0.00e+00
0.00e+00 1.02e+00
1.00e+00 0.00e+00
1.00e+00 0.00e+00
1.00e+00 0.00e+00
1.00e+00 0.00e+00
1.00e+00 0.00e+00
1.00e+00 0.00e+00
1.00e+00 0.00e+00
1.00e+00 0.00e+00
1.00e+00 0.00e+00
1.00e+00 0.00e+00
1.00e+00 0.00e+00
5.68e-03 0.00e+00
