0.00e+00 3.14e+00
0.00e+00 2.71e+00
1.00e+00 0.00e+00
1.00e+00 0.00e+00
1.00e+00 0.00e+00
9.57e-01 0.00e+00
0.00e+00 -2.78e+00
1.00e+00 0.00e+00
1.00e+00 0.00e+00
1.00e+00 0.00e+00
1.00e+00 0.00e+00
1.00e+00 0.00e+00
1.00e+00 0.00e+00
1.00e+00 0.00e+00
6.34e-01 0.00e+00
0.00e+00 -3.09e+00
1.00e+00 0.00e+00
1.00e+00 0.00e+00
1.00e+00 0.00e+00
1.00e+00 0.00e+00
9.05e-01 0.00e+00
0.00e+00 -2.97e+00
1.00e+00 0.00e+00
1.82e-01 0.00e+00
0.00e+00 -2.58e+00
1.00e+00 0.00e+00
1.00e+00 0.00e+00
1.00e+00 0.00e+00
6.10e-01 0.00e+00
