0.00e+00 3.14e+00
0.00e+00 2.39e+00
1.00e+00 0.00e+00
1.00e+00 0.00e+00
1.00e+00 0.00e+00
1.00e+00 0.00e+00
5.34e-02 0.00e+00
0.00e+00 -2.45e+00
1.00e+00 0.00e+00
1.00e+00 0.00e+00
1.00e+00 0.00e+00
1.00e+00 0.00e+00
1.00e+00 0.00e+00
1.00e+00 0.00e+00
9.97e-01 0.00e+00
0.00e+00 -3.08e+00
1.00e+00 0.00e+00
1.00e+00 0.00e+00
1.00e+00 0.00e+00
1.00e+00 0.00e+00
4.89e-01 0.00e+00
0.00e+00 -3.14e+00
0.00e+00 -4.31e-01
1.00e+00 0.00e+00
5.10e-01 0.00e+00
0.00e+00 -1.97e+00
1.00e+00 0.00e+00
1.00e+00 0.00e+00
7.83e-01 0.00e+00
