0.00e+00 3.14e+00
0.00e+00 4.32e-01
1.00e+00 0.00e+00
1.00e+00 0.00e+00
1.00e+00 0.00e+00
1.00e+00 0.00e+00
1.00e+00 0.00e+00
1.00e+00 0.00e+00
6.30e-01 0.00e+00
0.00e+00 7.38e-01
1.00e+00 0.00e+00
0.00e+00 2.08e+00
1.00e+00 0.00e+00
1.00e+00 0.00e+00
1.00e+00 0.00e+00
1.00e+00 0.00e+00
1.00e+00 0.00e+00
1.00e+00 0.00e+00
1.00e+00 0.00e+00
1.00e+00 0.00e+00
4.83e-01 0.00e+00
0.00e+00 8.26e-01
8.05e-01 0.00e+00
0.00e+00 7.34e-01
1.00e+00 0.00e+00
1.00e+00 0.00e+00
1.00e+00 0.00e+00
1.00e+00 0.00e+00
3.16e-01 0.00e+00
0.00e+00 1.43e+00
1.00e+00 0.00e+00
1.00e+00 0.00e+00
1.00e+00 0.00e+00
1.00e+00 0.00e+00
1.00e+00 0.00e+00
1.00e+00 0.00e+00
1.00e+00 0.00e+00
9.56e-01 0.00e+00
0.00e+00 7.75e-01
1.00e+00 0.00e+00
2.00e-15 0.00e+00
0.00e+00 1.84e+00
1.00e+00 0.00e+00
5.36e-01 0.00e+00
0.00e+00 2.95e+00
1.00e+00 0.00e+00
1.00e+00 0.00e+00
1.00e+00 0.00e+00
1.00e+00 0.00e+00
1.00e+00 0.00e+00
1.00e+00 0.00e+00
4.95e-01 0.00e+00
