0.00e+00 -3.14e+00
0.00e+00 -4.95e-01
1.00e+00 0.00e+00
1.00e+00 0.00e+00
1.00e+00 0.00e+00
1.00e+00 0.00e+00
1.00e+00 0.00e+00
3.40e-01 0.00e+00
0.00e+00 -2.32e-01
7.59e-01 0.00e+00
0.00e+00 -2.97e+00
1.00e+00 0.00e+00
7.25e-01 0.00e+00
0.00e+00 -2.21e+00
1.00e+00 0.00e+00
1.00e+00 0.00e+00
1.00e+00 0.00e+00
1.00e+00 0.00e+00
1.00e+00 0.00e+00
1.00e+00 0.00e+00
1.00e+00 0.00e+00
1.00e+00 0.00e+00
3.21e-01 0.00e+00
0.00e+00 2.02e+00
1.00e+00 0.00e+00
1.00e+00 0.00e+00
1.00e+00 0.00e+00
4.30e-01 0.00e+00
