0.00e+00 3.14e+00
0.00e+00 8.38e-01
1.00e+00 0.00e+00
1.00e+00 0.00e+00
1.00e+00 0.00e+00
1.00e+00 0.00e+00
1.00e+00 0.00e+00
1.00e+00 0.00e+00
1.00e+00 0.00e+00
5.86e-01 0.00e+00
0.00e+00 1.13e+00
9.75e-01 0.00e+00
0.00e+00 3.58e-01
1.00e+00 0.00e+00
1.00e+00 0.00e+00
1.00e+00 0.00e+00
1.00e+00 0.00e+00
1.00e+00 0.00e+00
1.00e+00 0.00e+00
1.00e+00 0.00e+00
1.00e+00 0.00e+00
1.00e+00 0.00e+00
1.00e+00 0.00e+00
1.00e+00 0.00e+00
1.00e+00 0.00e+00
1.00e+00 0.00e+00
1.00e+00 0.00e+00
1.00e+00 0.00e+00
1.00e+00 0.00e+00
5.74e-01 0.00e+00
0.00e+00 -1.65e+00
6.65e-01 0.00e+00
0.00e+00 -6.63e-01
1.00e+00 0.00e+00
1.00e+00 0.00e+00
1.00e+00 0.00e+00
1.00e+00 0.00e+00
1.00e+00 0.00e+00
1.00e+00 0.00e+00
1.00e+00 0.00e+00
1.00e+00 0.00e+00
7.99e-01 0.00e+00
0.00e+00 -7.52e-01
9.84e-01 0.00e+00
0.00e+00 -1.99e+00
1.00e+00 0.00e+00
1.00e+00 0.00e+00
1.00e+00 0.00e+00
1.00e+00 0.00e+00
1.00e+00 0.00e+00
1.00e+00 0.00e+00
1.00e+00 0.00e+00
1.00e+00 0.00e+00
1.00e+00 0.00e+00
1.00e+00 0.00e+00
1.00e+00 0.00e+00
1.00e+00 0.00e+00
1.00e+00 0.00e+00
1.00e+00 0.00e+00
1.00e+00 0.00e+00
1.00e+00 0.00e+00
1.00e+00 0.00e+00
4.68e-01 0.00e+00
