0.00e+00 -3.14e+00
0.00e+00 -4.52e-01
1.00e+00 0.00e+00
1.00e+00 0.00e+00
1.00e+00 0.00e+00
1.00e+00 0.00e+00
1.00e+00 0.00e+00
8.38e-01 0.00e+00
0.00e+00 -1.61e+00
3.12e-01 0.00e+00
0.00e+00 -1.57e+00
1.00e+00 0.00e+00
3.79e-01 0.00e+00
0.00e+00 -2.14e+00
1.00e+00 0.00e+00
1.00e+00 0.00e+00
1.00e+00 0.00e+00
1.00e+00 0.00e+00
9.05e-01 0.00e+00
0.00e+00 -8.34e-02
1.00e+00 0.00e+00
1.00e+00 0.00e+00
1.00e+00 0.00e+00
1.00e+00 0.00e+00
4.39e-01 0.00e+00
0.00e+00 2.41e+00
1.00e+00 0.00e+00
1.00e+00 0.00e+00
9.16e-01 0.00e+00
