0.00e+00 3.14e+00
0.00e+00 1.32e-01
1.00e+00 0.00e+00
1.00e+00 0.00e+00
1.00e+00 0.00e+00
1.00e+00 0.00e+00
5.70e-01 0.00e+00
0.00e+00 9.08e-01
1.00e+00 0.00e+00
1.00e+00 0.00e+00
4.62e-01 0.00e+00
0.00e+00 2.09e+00
1.00e+00 0.00e+00
1.00e+00 0.00e+00
1.00e+00 0.00e+00
1.00e+00 0.00e+00
1.00e+00 0.00e+00
1.00e+00 0.00e+00
1.00e+00 0.00e+00
1.00e+00 0.00e+00
1.00e+00 0.00e+00
3.91e-01 0.00e+00
0.00e+00 1.63e+00
1.00e+00 0.00e+00
1.00e+00 0.00e+00
1.00e+00 0.00e+00
1.00e+00 0.00e+00
6.89e-01 0.00e+00
0.00e+00 1.52e+00
1.00e+00 0.00e+00
1.00e+00 0.00e+00
1.00e+00 0.00e+00
1.00e+00 0.00e+00
1.00e+00 0.00e+00
1.00e+00 0.00e+00
1.00e+00 0.00e+00
1.00e+00 0.00e+00
7.00e-01 0.00e+00
0.00e+00 1.38e+00
7.36e-01 0.00e+00
0.00e+00 2.34e+00
1.00e+00 0.00e+00
2.36e-01 0.00e+00
0.00e+00 1.72e+00
1.00e+00 0.00e+00
1.00e+00 0.00e+00
1.00e+00 0.00e+00
1.00e+00 0.00e+00
1.00e+00 0.00e+00
1.00e+00 0.00e+00
1.02e-01 0.00e+00
