0.00e+00 3.14e+00
0.00e+00 2.71e+00
1.00e+00 0.00e+00
1.00e+00 0.00e+00
1.00e+00 0.00e+00
9.57e-01 0.00e+00
0.00e+00 -2.71e+00
1.00e+00 0.00e+00
1.00e+00 0.00e+00
1.00e+00 0.00e+00
1.00e+00 0.00e+00
1.00e+00 0.00e+00
1.00e+00 0.00e+00
1.00e+00 0.00e+00
6.62e-01 0.00e+00
0.00e+00 -3.02e+00
1.00e+00 0.00e+00
1.00e+00 0.00e+00
1.00e+00 0.00e+00
1.00e+00 0.00e+00
3.59e-01 0.00e+00
0.00e+00 -2.07e+00
1.00e+00 0.00e+00
6.34e-01 0.00e+00
0.00e+00 -3.14e+00
0.00e+00 -4.01e-01
1.00e+00 0.00e+00
1.00e+00 0.00e+00
1.00e+00 0.00e+00
6.77e-01 0.00e+00
