0.00e+00 -3.14e+00
0.00e+00 -4.57e-01
1.00e+00 0.00e+00
1.00e+00 0.00e+00
1.00e+00 0.00e+00
1.00e+00 0.00e+00
1.00e+00 0.00e+00
1.00e+00 0.00e+00
6.38e-02 0.00e+00
0.00e+00 -2.90e+00
1.00e+00 0.00e+00
7.46e-01 0.00e+00
0.00e+00 -2.57e+00
1.00e+00 0.00e+00
1.00e+00 0.00e+00
1.00e+00 0.00e+00
1.00e+00 0.00e+00
1.00e+00 0.00e+00
1.00e+00 0.00e+00
1.00e+00 0.00e+00
1.00e+00 0.00e+00
1.00e+00 0.00e+00
3.15e-02 0.00e+00
0.00e+00 2.28e+00
1.00e+00 0.00e+00
1.00e+00 0.00e+00
1.00e+00 0.00e+00
3.80e-01 0.00e+00
