0.00e+00 3.14e+00
0.00e+00 5.92e-02
1.00e+00 0.00e+00
1.00e+00 0.00e+00
1.00e+00 0.00e+00
1.00e+00 0.00e+00
1.00e+00 0.00e+00
2.31e-01 0.00e+00
0.00e+00 1.42e+00
1.00e+00 0.00e+00
1.00e+00 0.00e+00
1.37e-01 0.00e+00
0.00e+00 1.64e+00
1.00e+00 0.00e+00
1.00e+00 0.00e+00
1.00e+00 0.00e+00
1.00e+00 0.00e+00
1.00e+00 0.00e+00
1.00e+00 0.00e+00
1.00e+00 0.00e+00
1.00e+00 0.00e+00
1.00e+00 0.00e+00
3.29e-01 0.00e+00
0.00e+00 2.46e+00
1.00e+00 0.00e+00
1.00e+00 0.00e+00
1.00e+00 0.00e+00
9.93e-02 0.00e+00
