0.00e+00 3.14e+00
0.00e+00 4.04e-01
1.00e+00 0.00e+00
1.00e+00 0.00e+00
1.00e+00 0.00e+00
1.00e+00 0.00e+00
1.00e+00 0.00e+00
1.00e+00 0.00e+00
6.53e-01 0.00e+00
0.00e+00 1.14e+00
3.22e-01 0.00e+00
0.00e+00 1.53e+00
1.00e+00 0.00e+00
1.00e+00 0.00e+00
1.00e+00 0.00e+00
1.00e+00 0.00e+00
1.00e+00 0.00e+00
1.00e+00 0.00e+00
8.98e-01 0.00e+00
0.00e+00 4.45e-01
1.00e+00 0.00e+00
1.00e+00 0.00e+00
8.89e-01 0.00e+00
0.00e+00 1.52e+00
1.00e+00 0.00e+00
1.00e+00 0.00e+00
1.00e+00 0.00e+00
1.00e+00 0.00e+00
5.42e-01 0.00e+00
0.00e+00 8.61e-01
1.00e+00 0.00e+00
1.00e+00 0.00e+00
1.00e+00 0.00e+00
1.00e+00 0.00e+00
1.00e+00 0.00e+00
1.00e+00 0.00e+00
1.00e+00 0.00e+00
1.00e+00 0.00e+00
1.00e+00 0.00e+00
1.00e+00 0.00e+00
9.51e-01 0.00e+00
