0.00e+00 3.14e+00
0.00e+00 4.62e-01
1.00e+00 0.00e+00
1.00e+00 0.00e+00
1.00e+00 0.00e+00
1.00e+00 0.00e+00
1.00e+00 0.00e+00
1.00e+00 0.00e+00
7.01e-01 0.00e+00
0.00e+00 1.99e+00
1.00e+00 0.00e+00
0.00e+00 7.40e-01
1.00e+00 0.00e+00
1.00e+00 0.00e+00
1.00e+00 0.00e+00
1.00e+00 0.00e+00
1.00e+00 0.00e+00
1.00e+00 0.00e+00
1.00e+00 0.00e+00
1.00e+00 0.00e+00
4.73e-01 0.00e+00
0.00e+00 1.74e+00
1.00e+00 0.00e+00
1.00e+00 0.00e+00
1.00e+00 0.00e+00
1.00e+00 0.00e+00
8.11e-01 0.00e+00
0.00e+00 1.30e+00
1.00e+00 0.00e+00
1.00e+00 0.00e+00
1.00e+00 0.00e+00
1.00e+00 0.00e+00
1.00e+00 0.00e+00
1.00e+00 0.00e+00
1.00e+00 0.00e+00
1.00e+00 0.00e+00
4.83e-02 0.00e+00
0.00e+00 1.55e+00
8.53e-01 0.00e+00
0.00e+00 2.74e+00
1.00e+00 0.00e+00
1.32e-01 0.00e+00
0.00e+00 1.12e+00
1.00e+00 0.00e+00
1.00e+00 0.00e+00
1.00e+00 0.00e+00
1.00e+00 0.00e+00
1.00e+00 0.00e+00
8.05e-01 0.00e+00
