0.00e+00 3.14e+00
0.00e+00 2.51e+00
1.00e+00 0.00e+00
1.00e+00 0.00e+00
1.00e+00 0.00e+00
7.09e-01 0.00e+00
0.00e+00 -2.41e+00
1.00e+00 0.00e+00
1.00e+00 0.00e+00
1.00e+00 0.00e+00
1.00e+00 0.00e+00
1.00e+00 0.00e+00
3.28e-01 0.00e+00
0.00e+00 -4.54e-01
1.00e+00 0.00e+00
1.00e+00 0.00e+00
8.81e-02 0.00e+00
0.00e+00 -2.81e+00
1.00e+00 0.00e+00
1.00e+00 0.00e+00
1.00e+00 0.00e+00
5.64e-01 0.00e+00
0.00e+00 -7.05e-01
7.61e-01 0.00e+00
0.00e+00 -2.52e+00
7.53e-01 0.00e+00
0.00e+00 -2.08e+00
1.00e+00 0.00e+00
1.00e+00 0.00e+00
1.00e+00 0.00e+00
1.83e-01 0.00e+00
