0.00e+00 2.92e+00
1.00e+00 0.00e+00
1.00e+00 0.00e+00
1.00e+00 0.00e+00
8.33e-01 0.00e+00
0.00e+00 1.48e+00
1.00e+00 0.00e+00
1.00e+00 0.00e+00
1.00e+00 0.00e+00
7.61e-01 0.00e+00
0.00e+00 1.90e+00
1.00e+00 0.00e+00
1.00e+00 0.00e+00
1.00e+00 0.00e+00
1.00e+00 0.00e+00
1.00e+00 0.00e+00
1.00e+00 0.00e+00
1.00e+00 0.00e+00
7.83e-01 0.00e+00
0.00e+00 4.49e-01
1.00e+00 0.00e+00
6.19e-01 0.00e+00
0.00e+00 1.43e+00
1.00e+00 0.00e+00
1.00e+00 0.00e+00
1.00e+00 0.00e+00
1.00e+00 0.00e+00
7.09e-01 0.00e+00
0.00e+00 1.27e+00
1.00e+00 0.00e+00
1.00e+00 0.00e+00
1.00e+00 0.00e+00
1.00e+00 0.00e+00
1.00e+00 0.00e+00
1.00e+00 0.00e+00
1.00e+00 0.00e+00
1.00e+00 0.00e+00
5.49e-01 0.00e+00
0.00e+00 3.14e+00
0.00e+00 4.11e-01
8.64e-01 0.00e+00
0.00e+00 1.75e+00
1.00e+00 0.00e+00
1.00e+00 0.00e+00
1.00e+00 0.00e+00
1.00e+00 0.00e+00
1.00e+00 0.00e+00
1.00e+00 0.00e+00
4.56e-01 0.00e+00
