0.00e+00 3.14e+00
0.00e+00 1.69e-01
1.00e+00 0.00e+00
1.00e+00 0.00e+00
5.73e-01 0.00e+00
0.00e+00 4.96e-01
1.00e+00 0.00e+00
1.00e+00 0.00e+00
1.00e+00 0.00e+00
1.00e+00 0.00e+00
6.02e-01 0.00e+00
0.00e+00 2.52e+00
1.00e+00 0.00e+00
1.00e+00 0.00e+00
1.00e+00 0.00e+00
1.00e+00 0.00e+00
1.00e+00 0.00e+00
1.00e+00 0.00e+00
1.00e+00 0.00e+00
7.08e-01 0.00e+00
0.00e+00 2.76e-01
1.00e+00 0.00e+00
7.60e-01 0.00e+00
0.00e+00 1.49e+00
1.00e+00 0.00e+00
1.00e+00 0.00e+00
1.00e+00 0.00e+00
1.00e+00 0.00e+00
1.00e+00 0.00e+00
1.45e-01 0.00e+00
0.00e+00 1.02e+00
1.00e+00 0.00e+00
1.00e+00 0.00e+00
1.00e+00 0.00e+00
1.00e+00 0.00e+00
1.00e+00 0.00e+00
1.00e+00 0.00e+00
1.00e+00 0.00e+00
1.00e+00 0.00e+00
1.00e+00 0.00e+00
1.00e+00 0.00e+00
5.66e-01 0.00e+00
