0.00e+00 -3.14e+00
0.00e+00 -4.65e-01
1.00e+00 0.00e+00
1.00e+00 0.00e+00
1.00e+00 0.00e+00
3.38e-01 0.00e+00
0.00e+00 -2.08e-01
1.00e+00 0.00e+00
1.00e+00 0.00e+00
4.80e-01 0.00e+00
0.00e+00 -2.44e+00
1.00e+00 0.00e+00
2.30e-01 0.00e+00
0.00e+00 -2.66e+00
1.00e+00 0.00e+00
1.00e+00 0.00e+00
1.00e+00 0.00e+00
1.00e+00 0.00e+00
1.00e+00 0.00e+00
1.00e+00 0.00e+00
1.00e+00 0.00e+00
1.00e+00 0.00e+00
3.86e-01 0.00e+00
0.00e+00 1.06e+00
1.00e+00 0.00e+00
0.00e+00 9.36e-01
1.00e+00 0.00e+00
1.00e+00 0.00e+00
4.97e-01 0.00e+00
