0.00e+00 -3.14e+00
0.00e+00 -5.68e-01
1.00e+00 0.00e+00
1.00e+00 0.00e+00
1.00e+00 0.00e+00
1.00e+00 0.00e+00
1.00e+00 0.00e+00
3.84e-01 0.00e+00
0.00e+00 -7.68e-01
7.02e-01 0.00e+00
0.00e+00 -2.30e+00
6.48e-01 0.00e+00
0.00e+00 -2.12e+00
1.00e+00 0.00e+00
1.00e+00 0.00e+00
1.00e+00 0.00e+00
1.00e+00 0.00e+00
1.00e+00 0.00e+00
1.00e+00 0.00e+00
1.00e+00 0.00e+00
1.00e+00 0.00e+00
1.00e+00 0.00e+00
1.77e-01 0.00e+00
0.00e+00 2.17e+00
1.00e+00 0.00e+00
1.00e+00 0.00e+00
1.00e+00 0.00e+00
1.26e-01 0.00e+00
