0.00e+00 3.14e+00
0.00e+00 2.70e+00
1.00e+00 0.00e+00
1.00e+00 0.00e+00
1.00e+00 0.00e+00
3.96e-01 0.00e+00
0.00e+00 -2.33e+00
1.00e+00 0.00e+00
4.90e-01 0.00e+00
0.00e+00 -2.68e-01
1.00e+00 0.00e+00
1.00e+00 0.00e+00
1.00e+00 0.00e+00
1.00e+00 0.00e+00
1.00e+00 0.00e+00
4.36e-01 0.00e+00
0.00e+00 -1.12e+00
1.00e+00 0.00e+00
2.00e-01 0.00e+00
0.00e+00 -2.23e+00
1.00e+00 0.00e+00
1.00e+00 0.00e+00
1.00e+00 0.00e+00
9.66e-01 0.00e+00
0.00e+00 -3.14e+00
0.00e+00 -1.95e-01
1.00e+00 0.00e+00
4.28e-01 0.00e+00
0.00e+00 -2.03e+00
1.00e+00 0.00e+00
1.00e+00 0.00e+00
6.94e-01 0.00e+00
