0.00e+00 -3.14e+00
1.00e+00 0.00e+00
1.00e+00 0.00e+00
4.14e-01 0.00e+00
0.00e+00 -3.14e+00
0.00e+00 -1.73e+00
1.00e+00 0.00e+00
1.00e+00 0.00e+00
1.00e+00 0.00e+00
1.00e+00 0.00e+00
1.00e+00 0.00e+00
5.61e-01 0.00e+00
0.00e+00 -1.45e+00
1.00e+00 0.00e+00
1.00e+00 0.00e+00
1.00e+00 0.00e+00
1.00e+00 0.00e+00
1.00e+00 0.00e+00
1.00e+00 0.00e+00
8.52e-01 0.00e+00
0.00e+00 -3.14e+00
0.00e+00 -7.74e-02
1.00e+00 0.00e+00
1.00e+00 0.00e+00
1.00e+00 0.00e+00
1.00e+00 0.00e+00
5.74e-01 0.00e+00
0.00e+00 -1.52e+00
4.98e-01 0.00e+00
0.00e+00 -3.14e+00
0.00e+00 -4.34e-01
1.00e+00 0.00e+00
1.00e+00 0.00e+00
1.00e+00 0.00e+00
1.00e+00 0.00e+00
3.79e-03 0.00e+00
