0.00e+00 5.36e-01
1.00e+00 0.00e+00
1.00e+00 0.00e+00
1.00e+00 0.00e+00
1.00e+00 0.00e+00
3.29e-01 0.00e+00
0.00e+00 2.62e+00
1.00e+00 0.00e+00
1.00e+00 0.00e+00
1.00e+00 0.00e+00
1.00e+00 0.00e+00
1.00e+00 0.00e+00
1.00e+00 0.00e+00
1.00e+00 0.00e+00
1.00e+00 0.00e+00
1.00e+00 0.00e+00
1.00e+00 0.00e+00
1.00e+00 0.00e+00
9.47e-01 0.00e+00
0.00e+00 3.13e+00
1.00e+00 0.00e+00
1.00e+00 0.00e+00
1.00e+00 0.00e+00
1.00e+00 0.00e+00
1.00e+00 0.00e+00
1.00e+00 0.00e+00
1.00e+00 0.00e+00
1.00e+00 0.00e+00
1.00e+00 0.00e+00
1.00e+00 0.00e+00
1.00e+00 0.00e+00
1.00e+00 0.00e+00
3.88e-02 0.00e+00
0.00e+00 1.80e+00
1.00e+00 0.00e+00
0.00e+00 1.13e+00
1.00e+00 0.00e+00
1.00e+00 0.00e+00
1.00e+00 0.00e+00
1.00e+00 0.00e+00
1.00e+00 0.00e+00
1.00e+00 0.00e+00
1.00e+00 0.00e+00
1.00e+00 0.00e+00
1.00e+00 0.00e+00
1.00e+00 0.00e+00
1.00e+00 0.00e+00
1.00e+00 0.00e+00
1.00e+00 0.00e+00
1.00e+00 0.00e+00
3.14e-01 0.00e+00
