0.00e+00 -3.14e+00
0.00e+00 -2.73e+00
1.00e+00 0.00e+00
1.00e+00 0.00e+00
6.04e-01 0.00e+00
0.00e+00 -2.79e+00
1.00e+00 0.00e+00
1.00e+00 0.00e+00
7.73e-01 0.00e+00
0.00e+00 -7.40e-01
1.00e+00 0.00e+00
1.00e+00 0.00e+00
1.00e+00 0.00e+00
1.00e+00 0.00e+00
1.00e+00 0.00e+00
1.00e+00 0.00e+00
3.87e-01 0.00e+00
0.00e+00 -3.10e+00
1.00e+00 0.00e+00
1.00e+00 0.00e+00
1.00e+00 0.00e+00
9.83e-01 0.00e+00
0.00e+00 -1.25e+00
8.20e-01 0.00e+00
0.00e+00 -1.66e+00
4.36e-01 0.00e+00
0.00e+00 -2.44e+00
1.00e+00 0.00e+00
1.00e+00 0.00e+00
1.00e+00 0.00e+00
4.80e-01 0.00e+00
