0.00e+00 3.14e+00
0.00e+00 4.26e-01
1.00e+00 0.00e+00
1.00e+00 0.00e+00
1.00e+00 0.00e+00
1.00e+00 0.00e+00
1.00e+00 0.00e+00
1.00e+00 0.00e+00
8.38e-01 0.00e+00
0.00e+00 2.72e+00
1.00e+00 0.00e+00
1.00e+00 0.00e+00
1.00e+00 0.00e+00
1.00e+00 0.00e+00
1.00e+00 0.00e+00
1.00e+00 0.00e+00
1.00e+00 0.00e+00
1.00e+00 0.00e+00
1.00e+00 0.00e+00
5.27e-01 0.00e+00
0.00e+00 1.82e+00
1.00e+00 0.00e+00
1.00e+00 0.00e+00
1.00e+00 0.00e+00
1.00e+00 0.00e+00
1.00e+00 0.00e+00
5.71e-02 0.00e+00
0.00e+00 1.34e+00
1.00e+00 0.00e+00
1.00e+00 0.00e+00
1.00e+00 0.00e+00
1.00e+00 0.00e+00
1.00e+00 0.00e+00
1.00e+00 0.00e+00
1.00e+00 0.00e+00
4.92e-01 0.00e+00
0.00e+00 3.20e-01
7.63e-01 0.00e+00
0.00e+00 1.54e+00
7.40e-01 0.00e+00
0.00e+00 3.14e+00
0.00e+00 2.70e-01
1.00e+00 0.00e+00
1.00e+00 0.00e+00
1.00e+00 0.00e+00
1.00e+00 0.00e+00
1.00e+00 0.00e+00
1.00e+00 0.00e+00
8.41e-01 0.00e+00
