0.00e+00 3.14e+00
0.00e+00 4.73e-01
1.00e+00 0.00e+00
1.00e+00 0.00e+00
1.00e+00 0.00e+00
1.00e+00 0.00e+00
1.00e+00 0.00e+00
5.32e-01 0.00e+00
0.00e+00 -7.77e-02
1.00e+00 0.00e+00
1.00e+00 0.00e+00
1.11e-14 0.00e+00
0.00e+00 2.89e+00
1.00e+00 0.00e+00
1.00e+00 0.00e+00
1.00e+00 0.00e+00
1.00e+00 0.00e+00
1.00e+00 0.00e+00
1.00e+00 0.00e+00
1.00e+00 0.00e+00
1.00e+00 0.00e+00
9.75e-01 0.00e+00
0.00e+00 4.32e-01
7.57e-01 0.00e+00
0.00e+00 2.06e+00
1.00e+00 0.00e+00
1.00e+00 0.00e+00
5.50e-01 0.00e+00
