0.00e+00 3.14e+00
0.00e+00 2.51e+00
1.00e+00 0.00e+00
1.00e+00 0.00e+00
1.00e+00 0.00e+00
8.64e-01 0.00e+00
0.00e+00 -2.52e+00
1.00e+00 0.00e+00
1.00e+00 0.00e+00
1.00e+00 0.00e+00
1.00e+00 0.00e+00
1.00e+00 0.00e+00
1.00e+00 0.00e+00
1.00e+00 0.00e+00
3.45e-01 0.00e+00
0.00e+00 -3.14e+00
0.00e+00 -2.33e-02
1.00e+00 0.00e+00
1.00e+00 0.00e+00
1.00e+00 0.00e+00
1.00e+00 0.00e+00
4.61e-02 0.00e+00
0.00e+00 -1.00e+00
7.51e-01 0.00e+00
0.00e+00 -1.79e+00
4.36e-01 0.00e+00
0.00e+00 -2.47e+00
1.00e+00 0.00e+00
1.00e+00 0.00e+00
1.00e+00 0.00e+00
5.33e-01 0.00e+00
