0.00e+00 3.14e+00
0.00e+00 4.54e-01
1.00e+00 0.00e+00
1.00e+00 0.00e+00
1.00e+00 0.00e+00
1.00e+00 0.00e+00
1.00e+00 0.00e+00
1.00e+00 0.00e+00
8.29e-01 0.00e+00
0.00e+00 2.69e+00
1.00e+00 0.00e+00
1.00e+00 0.00e+00
1.00e+00 0.00e+00
1.00e+00 0.00e+00
1.00e+00 0.00e+00
1.00e+00 0.00e+00
1.00e+00 0.00e+00
1.00e+00 0.00e+00
1.00e+00 0.00e+00
3.98e-01 0.00e+00
0.00e+00 1.98e+00
1.00e+00 0.00e+00
1.00e+00 0.00e+00
1.00e+00 0.00e+00
2.42e-01 0.00e+00
0.00e+00 -2.87e-01
1.00e+00 0.00e+00
1.00e+00 0.00e+00
4.78e-01 0.00e+00
0.00e+00 1.53e+00
1.00e+00 0.00e+00
1.00e+00 0.00e+00
1.00e+00 0.00e+00
1.00e+00 0.00e+00
1.00e+00 0.00e+00
1.00e+00 0.00e+00
1.00e+00 0.00e+00
7.21e-01 0.00e+00
0.00e+00 3.14e+00
0.00e+00 8.70e-02
9.69e-01 0.00e+00
0.00e+00 1.23e+00
7.07e-01 0.00e+00
0.00e+00 8.24e-01
1.00e+00 0.00e+00
1.00e+00 0.00e+00
1.00e+00 0.00e+00
1.00e+00 0.00e+00
1.00e+00 0.00e+00
6.92e-01 0.00e+00
