0.00e+00 -3.14e+00
0.00e+00 -3.67e-01
1.00e+00 0.00e+00
1.00e+00 0.00e+00
1.00e+00 0.00e+00
1.00e+00 0.00e+00
1.00e+00 0.00e+00
5.58e-01 0.00e+00
0.00e+00 -2.01e+00
1.00e+00 0.00e+00
3.91e-01 0.00e+00
0.00e+00 -3.14e+00
0.00e+00 -1.50e-01
1.00e+00 0.00e+00
1.00e+00 0.00e+00
1.00e+00 0.00e+00
1.00e+00 0.00e+00
1.00e+00 0.00e+00
1.00e+00 0.00e+00
1.00e+00 0.00e+00
1.00e+00 0.00e+00
9.96e-01 0.00e+00
0.00e+00 3.66e-02
7.07e-01 0.00e+00
0.00e+00 1.96e+00
1.00e+00 0.00e+00
1.00e+00 0.00e+00
8.39e-01 0.00e+00
