0.00e+00 3.14e+00
0.00e+00 2.36e+00
1.00e+00 0.00e+00
1.00e+00 0.00e+00
1.00e+00 0.00e+00
4.22e-01 0.00e+00
0.00e+00 -8.66e-01
8.72e-01 0.00e+00
0.00e+00 -1.57e+00
1.00e+00 0.00e+00
1.00e+00 0.00e+00
1.00e+00 0.00e+00
1.00e+00 0.00e+00
1.00e+00 0.00e+00
1.00e+00 0.00e+00
1.00e+00 0.00e+00
4.12e-03 0.00e+00
0.00e+00 -3.14e+00
0.00e+00 -1.26e-01
1.00e+00 0.00e+00
1.00e+00 0.00e+00
1.00e+00 0.00e+00
1.00e+00 0.00e+00
7.09e-02 0.00e+00
0.00e+00 -2.07e+00
1.00e+00 0.00e+00
1.51e-01 0.00e+00
0.00e+00 -3.10e+00
1.00e+00 0.00e+00
1.00e+00 0.00e+00
1.00e+00 0.00e+00
4.08e-01 0.00e+00
